1,67
501,67
1,567
501,567
1,68
501,68
1,568
501,568
1,93
501,93
1,593
501,593
1,94
501,94
1,594
501,594
2,68
502,68
2,568
502,568
2,92
502,92
2,592
502,592
2,96
502,96
2,596
502,596
3,68
503,68
3,568
503,568
3,70
503,70
3,570
503,570
3,76
503,76
3,576
503,576
3,77
503,77
3,577
503,577
3,91
503,91
3,591
503,591
3,97
503,97
3,597
503,597
4,101
504,101
4,601
504,601
4,102
504,102
4,602
504,602
4,69
504,69
4,569
504,569
4,70
504,70
4,570
504,570
4,76
504,76
4,576
504,576
4,77
504,77
4,577
504,577
4,91
504,91
4,591
504,591
4,95
504,95
4,595
504,595
4,97
504,97
4,597
504,597
4,98
504,98
4,598
504,598
5,101
505,101
5,601
505,601
5,102
505,102
5,602
505,602
5,64
505,64
5,564
505,564
5,79
505,79
5,579
505,579
5,80
505,80
5,580
505,580
5,91
505,91
5,591
505,591
5,97
505,97
5,597
505,597
6,64
506,64
6,564
506,564
6,65
506,65
6,565
506,565
6,66
506,66
6,566
506,566
6,79
506,79
6,579
506,579
6,80
506,80
6,580
506,580
6,81
506,81
6,581
506,581
6,92
506,92
6,592
506,592
6,96
506,96
6,596
506,596
7,67
507,67
7,567
507,567
7,79
507,79
7,579
507,579
7,80
507,80
7,580
507,580
7,93
507,93
7,593
507,593
7,94
507,94
7,594
507,594
8,66
508,66
8,566
508,566
8,67
508,67
8,567
508,567
8,76
508,76
8,576
508,576
8,77
508,77
8,577
508,577
8,87
508,87
8,587
508,587
8,89
508,89
8,589
508,589
9,76
509,76
9,576
509,576
9,77
509,77
9,577
509,577
9,88
509,88
9,588
509,588
9,89
509,89
9,589
509,589
10,88
510,88
10,588
510,588
12,68
512,68
12,568
512,568
12,69
512,69
12,569
512,569
12,70
512,70
12,570
512,570
13,103
513,103
13,603
513,603
14,101
514,101
14,601
514,601
14,102
514,102
14,602
514,602
14,103
514,103
14,603
514,603
14,147
514,147
14,647
514,647
14,68
514,68
14,568
514,568
14,70
514,70
14,570
514,570
15,147
515,147
15,647
515,647
15,148
515,148
15,648
515,648
15,149
515,149
15,649
515,649
15,30
515,30
15,530
515,530
15,53
515,53
15,553
515,553
15,54
515,54
15,554
515,554
15,67
515,67
15,567
515,567
15,68
515,68
15,568
515,568
15,69
515,69
15,569
515,569
15,70
515,70
15,570
515,570
15,71
515,71
15,571
515,571
15,100
515,100
15,600
515,600
16,101
516,101
16,601
516,601
16,150
516,150
16,650
516,650
16,30
516,30
16,530
516,530
16,32
516,32
16,532
516,532
16,53
516,53
16,553
516,553
16,66
516,66
16,566
516,566
16,67
516,67
16,567
516,567
16,71
516,71
16,571
516,571
16,72
516,72
16,572
516,572
16,97
516,97
16,597
516,597
16,100
516,100
16,600
516,600
17,149
517,149
17,649
517,649
17,150
517,150
17,650
517,650
17,33
517,33
17,533
517,533
17,34
517,34
17,534
517,534
17,41
517,41
17,541
517,541
17,42
517,42
17,542
517,542
17,51
517,51
17,551
517,551
17,53
517,53
17,553
517,553
17,66
517,66
17,566
517,566
17,67
517,67
17,567
517,567
17,71
517,71
17,571
517,571
17,72
517,72
17,572
517,572
17,81
517,81
17,581
517,581
17,82
517,82
17,582
517,582
17,83
517,83
17,583
517,583
17,95
517,95
17,595
517,595
18,137
518,137
18,637
518,637
18,138
518,138
18,638
518,638
18,19
518,19
18,519
518,519
18,20
518,20
18,520
518,520
18,33
518,33
18,533
518,533
18,34
518,34
18,534
518,534
18,39
518,39
18,539
518,539
18,43
518,43
18,543
518,543
18,51
518,51
18,551
518,551
18,52
518,52
18,552
518,552
18,83
518,83
18,583
518,583
18,95
518,95
18,595
518,595
18,96
518,96
18,596
518,596
18,97
518,97
18,597
518,597
19,138
519,138
19,638
519,638
19,19
519,19
19,519
519,519
19,20
519,20
19,520
519,520
19,33
519,33
19,533
519,533
19,34
519,34
19,534
519,534
19,38
519,38
19,538
519,538
19,44
519,44
19,544
519,544
19,57
519,57
19,557
519,557
19,82
519,82
19,582
519,582
20,138
520,138
20,638
520,638
20,140
520,140
20,640
520,640
20,30
520,30
20,530
520,530
20,32
520,32
20,532
520,532
20,37
520,37
20,537
520,537
20,38
520,38
20,538
520,538
20,40
520,40
20,540
520,540
20,44
520,44
20,544
520,544
20,55
520,55
20,555
520,555
20,56
520,56
20,556
520,556
20,57
520,57
20,557
520,557
20,68
520,68
20,568
520,568
20,69
520,69
20,569
520,569
21,129
521,129
21,629
521,629
21,139
521,139
21,639
521,639
21,140
521,140
21,640
521,640
21,151
521,151
21,651
521,651
21,152
521,152
21,652
521,652
21,153
521,153
21,653
521,653
21,30
521,30
21,530
521,530
21,38
521,38
21,538
521,538
21,44
521,44
21,544
521,544
21,54
521,54
21,554
521,554
21,67
521,67
21,567
521,567
21,68
521,68
21,568
521,568
21,70
521,70
21,570
521,570
21,71
521,71
21,571
521,571
22,127
522,127
22,627
522,627
22,128
522,128
22,628
522,628
22,129
522,129
22,629
522,629
22,150
522,150
22,650
522,650
22,151
522,151
22,651
522,651
22,153
522,153
22,653
522,653
22,154
522,154
22,654
522,654
22,39
522,39
22,539
522,539
22,43
522,43
22,543
522,543
22,54
522,54
22,554
522,554
22,55
522,55
22,555
522,555
22,68
522,68
22,568
522,568
22,71
522,71
22,571
522,571
23,101
523,101
23,601
523,601
23,126
523,126
23,626
523,626
23,150
523,150
23,650
523,650
23,151
523,151
23,651
523,651
23,153
523,153
23,653
523,653
23,154
523,154
23,654
523,654
23,41
523,41
23,541
523,541
23,42
523,42
23,542
523,542
23,68
523,68
23,568
523,568
23,95
523,95
23,595
523,595
23,96
523,96
23,596
523,596
23,100
523,100
23,600
523,600
24,126
524,126
24,626
524,626
24,127
524,127
24,627
524,627
24,150
524,150
24,650
524,650
24,151
524,151
24,651
524,651
24,152
524,152
24,652
524,652
24,153
524,153
24,653
524,653
24,154
524,154
24,654
524,654
24,51
524,51
24,551
524,551
24,71
524,71
24,571
524,571
24,88
524,88
24,588
524,588
24,98
524,98
24,598
524,598
25,101
525,101
25,601
525,601
25,149
525,149
25,649
525,649
25,150
525,150
25,650
525,650
25,154
525,154
25,654
525,654
25,155
525,155
25,655
525,655
25,51
525,51
25,551
525,551
25,69
525,69
25,569
525,569
25,70
525,70
25,570
525,570
25,88
525,88
25,588
525,588
25,90
525,90
25,590
525,590
25,95
525,95
25,595
525,595
26,36
526,36
26,536
526,536
26,88
526,88
26,588
526,588
26,89
526,89
26,589
526,589
26,96
526,96
26,596
526,596
26,97
526,97
26,597
526,597
26,99
526,99
26,599
526,599
26,100
526,100
26,600
526,600
27,18
527,18
27,518
527,518
27,37
527,37
27,537
527,537
27,97
527,97
27,597
527,597
27,99
527,99
27,599
527,599
28,124
528,124
28,624
528,624
28,149
528,149
28,649
528,649
28,18
528,18
28,518
528,518
28,19
528,19
28,519
528,519
28,20
528,20
28,520
528,520
28,35
528,35
28,535
528,535
28,36
528,36
28,536
528,536
28,37
528,37
28,537
528,537
28,49
528,49
28,549
528,549
28,50
528,50
28,550
528,550
28,54
528,54
28,554
528,554
28,55
528,55
28,555
528,555
28,64
528,64
28,564
528,564
28,65
528,65
28,565
528,565
28,69
528,69
28,569
528,569
28,70
528,70
28,570
528,570
28,98
528,98
28,598
528,598
29,123
529,123
29,623
529,623
29,124
529,124
29,624
529,624
29,125
529,125
29,625
529,625
29,147
529,147
29,647
529,647
29,148
529,148
29,648
529,648
29,150
529,150
29,650
529,650
29,21
529,21
29,521
529,521
29,50
529,50
29,550
529,550
29,51
529,51
29,551
529,551
29,52
529,52
29,552
529,552
29,53
529,53
29,553
529,553
29,54
529,54
29,554
529,554
29,65
529,65
29,565
529,565
29,66
529,66
29,566
529,566
29,67
529,67
29,567
529,567
29,68
529,68
29,568
529,568
29,69
529,69
29,569
529,569
29,75
529,75
29,575
529,575
29,98
529,98
29,598
529,598
30,123
530,123
30,623
530,623
30,124
530,124
30,624
530,624
30,125
530,125
30,625
530,625
30,150
530,150
30,650
530,650
30,20
530,20
30,520
530,520
30,21
530,21
30,521
530,521
30,51
530,51
30,551
530,551
30,52
530,52
30,552
530,552
30,53
530,53
30,553
530,553
30,66
530,66
30,566
530,566
30,67
530,67
30,567
530,567
30,68
530,68
30,568
530,568
30,76
530,76
30,576
530,576
30,77
530,77
30,577
530,577
31,52
531,52
31,552
531,552
31,67
531,67
31,567
531,567
31,75
531,75
31,575
531,575
31,76
531,76
31,576
531,576
32,121
532,121
32,621
532,621
32,122
532,122
32,622
532,622
32,126
532,126
32,626
532,626
32,127
532,127
32,627
532,627
32,147
532,147
32,647
532,647
32,149
532,149
32,649
532,649
32,150
532,150
32,650
532,650
32,95
532,95
32,595
532,595
32,96
532,96
32,596
532,596
33,121
533,121
33,621
533,621
33,122
533,122
33,622
533,622
33,126
533,126
33,626
533,626
33,127
533,127
33,627
533,627
33,149
533,149
33,649
533,649
33,152
533,152
33,652
533,652
33,28
533,28
33,528
533,528
33,96
533,96
33,596
533,596
34,150
534,150
34,650
534,650
34,152
534,152
34,652
534,652
34,26
534,26
34,526
534,526
34,28
534,28
34,528
534,528
34,93
534,93
34,593
534,593
34,94
534,94
34,594
534,594
34,95
534,95
34,595
534,595
35,27
535,27
35,527
535,527
35,28
535,28
35,528
535,528
35,93
535,93
35,593
535,593
36,123
536,123
36,623
536,623
36,124
536,124
36,624
536,624
37,123
537,123
37,623
537,623
37,125
537,125
37,625
537,625
37,22
537,22
37,522
537,522
37,23
537,23
37,523
537,523
37,24
537,24
37,524
537,524
38,122
538,122
38,622
538,622
38,125
538,125
38,625
538,625
38,126
538,126
38,626
538,626
38,21
538,21
38,521
538,521
38,25
538,25
38,525
538,525
38,51
538,51
38,551
538,551
38,83
538,83
38,583
538,583
38,84
538,84
38,584
538,584
39,124
539,124
39,624
539,624
39,125
539,125
39,625
539,625
39,149
539,149
39,649
539,649
39,150
539,150
39,650
539,650
39,151
539,151
39,651
539,651
39,20
539,20
39,520
539,520
39,26
539,26
39,526
539,526
39,49
539,49
39,549
539,549
39,50
539,50
39,550
539,550
39,67
539,67
39,567
539,567
39,68
539,68
39,568
539,568
39,73
539,73
39,573
539,573
39,83
539,83
39,583
539,583
40,124
540,124
40,624
540,624
40,125
540,125
40,625
540,625
40,129
540,129
40,629
540,629
40,148
540,148
40,648
540,648
40,152
540,152
40,652
540,652
40,20
540,20
40,520
540,520
40,21
540,21
40,521
540,521
40,23
540,23
40,523
540,523
40,25
540,25
40,525
540,525
40,26
540,26
40,526
540,526
40,35
540,35
40,535
540,535
40,50
540,50
40,550
540,550
40,51
540,51
40,551
540,551
40,67
540,67
40,567
540,567
40,68
540,68
40,568
540,568
40,73
540,73
40,573
540,573
40,75
540,75
40,575
540,575
40,84
540,84
40,584
540,584
40,85
540,85
40,585
540,585
40,86
540,86
40,586
540,586
41,113
541,113
41,613
541,613
41,114
541,114
41,614
541,614
41,125
541,125
41,625
541,625
41,129
541,129
41,629
541,629
41,130
541,130
41,630
541,630
41,147
541,147
41,647
541,647
41,153
541,153
41,653
541,653
41,36
541,36
41,536
541,536
41,73
541,73
41,573
541,573
41,74
541,74
41,574
541,574
41,86
541,86
41,586
541,586
41,93
541,93
41,593
541,593
42,113
542,113
42,613
542,613
42,114
542,114
42,614
542,614
42,128
542,128
42,628
542,628
42,130
542,130
42,630
542,630
42,148
542,148
42,648
542,648
42,152
542,152
42,652
542,652
42,34
542,34
42,534
542,534
42,35
542,35
42,535
542,535
42,36
542,36
42,536
542,536
42,93
542,93
42,593
542,593
42,94
542,94
42,594
542,594
43,119
543,119
43,619
543,619
43,125
543,125
43,625
543,625
43,149
543,149
43,649
543,649
43,150
543,150
43,650
543,650
43,151
543,151
43,651
543,651
43,81
543,81
43,581
543,581
43,82
543,82
43,582
543,582
43,94
543,94
43,594
543,594
43,95
543,95
43,595
543,595
44,104
544,104
44,604
544,604
44,105
544,105
44,605
544,605
44,119
544,119
44,619
544,619
44,125
544,125
44,625
544,625
44,149
544,149
44,649
544,649
44,150
544,150
44,650
544,650
44,151
544,151
44,651
544,651
44,80
544,80
44,580
544,580
44,81
544,81
44,581
544,581
44,82
544,82
44,582
544,582
44,86
544,86
44,586
544,586
44,94
544,94
44,594
544,594
44,95
544,95
44,595
544,595
44,96
544,96
44,596
544,596
45,104
545,104
45,604
545,604
45,105
545,105
45,605
545,605
45,120
545,120
45,620
545,620
45,124
545,124
45,624
545,624
45,42
545,42
45,542
545,542
45,43
545,43
45,543
545,543
45,51
545,51
45,551
545,551
45,52
545,52
45,552
545,552
45,56
545,56
45,556
545,556
45,57
545,57
45,557
545,557
45,77
545,77
45,577
545,577
45,79
545,79
45,579
545,579
45,80
545,80
45,580
545,580
45,85
545,85
45,585
545,585
45,86
545,86
45,586
545,586
45,87
545,87
45,587
545,587
45,88
545,88
45,588
545,588
45,94
545,94
45,594
545,594
45,95
545,95
45,595
545,595
46,121
546,121
46,621
546,621
46,122
546,122
46,622
546,622
46,123
546,123
46,623
546,623
46,130
546,130
46,630
546,630
46,131
546,131
46,631
546,631
46,25
546,25
46,525
546,525
46,26
546,26
46,526
546,526
46,44
546,44
46,544
546,544
46,53
546,53
46,553
546,553
46,54
546,54
46,554
546,554
46,55
546,55
46,555
546,555
46,77
546,77
46,577
546,577
46,80
546,80
46,580
546,580
46,85
546,85
46,585
546,585
46,90
546,90
46,590
546,590
46,93
546,93
46,593
546,593
46,94
546,94
46,594
546,594
47,25
547,25
47,525
547,525
47,39
547,39
47,539
547,539
47,44
547,44
47,544
547,544
47,52
547,52
47,552
547,552
47,56
547,56
47,556
547,556
47,77
547,77
47,577
547,577
47,79
547,79
47,579
547,579
47,80
547,80
47,580
547,580
47,86
547,86
47,586
547,586
47,90
547,90
47,590
547,590
47,93
547,93
47,593
547,593
48,26
548,26
48,526
548,526
48,27
548,27
48,527
548,527
48,28
548,28
48,528
548,528
48,39
548,39
48,539
548,539
48,44
548,44
48,544
548,544
48,53
548,53
48,553
548,553
48,55
548,55
48,555
548,555
48,72
548,72
48,572
548,572
48,73
548,73
48,573
548,573
48,80
548,80
48,580
548,580
48,81
548,81
48,581
548,581
48,82
548,82
48,582
548,582
48,86
548,86
48,586
548,586
48,87
548,87
48,587
548,587
48,89
548,89
48,589
548,589
49,151
549,151
49,651
549,651
49,152
549,152
49,652
549,652
49,153
549,153
49,653
549,653
49,28
549,28
49,528
549,528
49,40
549,40
49,540
549,540
49,41
549,41
49,541
549,541
49,42
549,42
49,542
549,542
49,54
549,54
49,554
549,554
49,71
549,71
49,571
549,571
49,73
549,73
49,573
549,573
49,81
549,81
49,581
549,581
49,82
549,82
49,582
549,582
50,113
550,113
50,613
550,613
50,146
550,146
50,646
550,646
50,150
550,150
50,650
550,650
50,151
550,151
50,651
550,651
50,153
550,153
50,653
550,653
50,154
550,154
50,654
550,654
50,71
550,71
50,571
550,571
51,112
551,112
51,612
551,612
51,113
551,113
51,613
551,613
51,114
551,114
51,614
551,614
51,144
551,144
51,644
551,644
51,145
551,145
51,645
551,645
51,150
551,150
51,650
551,650
51,151
551,151
51,651
551,651
51,153
551,153
51,653
551,653
51,154
551,154
51,654
551,654
51,70
551,70
51,570
551,570
51,71
551,71
51,571
551,571
52,111
552,111
52,611
552,611
52,112
552,112
52,612
552,612
52,113
552,113
52,613
552,613
52,114
552,114
52,614
552,614
52,115
552,115
52,615
552,615
52,138
552,138
52,638
552,638
52,145
552,145
52,645
552,645
52,146
552,146
52,646
552,646
52,150
552,150
52,650
552,650
52,151
552,151
52,651
552,651
52,152
552,152
52,652
552,652
52,153
552,153
52,653
552,653
52,154
552,154
52,654
552,654
52,179
552,179
52,679
552,679
52,180
552,180
52,680
552,680
52,37
552,37
52,537
552,537
52,38
552,38
52,538
552,538
52,94
552,94
52,594
552,594
52,96
552,96
52,596
552,596
53,110
553,110
53,610
553,610
53,111
553,111
53,611
553,611
53,115
553,115
53,615
553,615
53,116
553,116
53,616
553,616
53,13
553,13
53,513
553,513
53,124
553,124
53,624
553,624
53,125
553,125
53,625
553,625
53,14
553,14
53,514
553,514
53,139
553,139
53,639
553,639
53,149
553,149
53,649
553,649
53,150
553,150
53,650
553,650
53,154
553,154
53,654
553,654
53,155
553,155
53,655
553,655
53,179
553,179
53,679
553,679
53,188
553,188
53,688
553,688
53,189
553,189
53,689
553,689
53,38
553,38
53,538
553,538
53,53
553,53
53,553
553,553
53,54
553,54
53,554
553,554
53,95
553,95
53,595
553,595
53,96
553,96
53,596
553,596
54,124
554,124
54,624
554,624
54,14
554,14
54,514
554,514
54,137
554,137
54,637
554,637
54,138
554,138
54,638
554,638
54,139
554,139
54,639
554,639
54,170
554,170
54,670
554,670
54,171
554,171
54,671
554,671
54,177
554,177
54,677
554,677
54,179
554,179
54,679
554,679
54,188
554,188
54,688
554,688
54,189
554,189
54,689
554,689
54,4
554,4
54,504
554,504
54,35
554,35
54,535
554,535
54,36
554,36
54,536
554,536
54,37
554,37
54,537
554,537
54,5
554,5
54,505
554,505
54,53
554,53
54,553
554,553
54,54
554,54
54,554
554,554
54,95
554,95
54,595
554,595
55,125
555,125
55,625
555,625
55,126
555,126
55,626
555,626
55,127
555,127
55,627
555,627
55,14
555,14
55,514
555,514
55,16
555,16
55,516
555,516
55,169
555,169
55,669
555,669
55,173
555,173
55,673
555,673
55,177
555,177
55,677
555,677
55,178
555,178
55,678
555,678
55,22
555,22
55,522
555,522
55,4
555,4
55,504
555,504
55,35
555,35
55,535
555,535
55,5
555,5
55,505
555,505
56,127
556,127
56,627
556,627
56,15
556,15
56,515
556,515
56,16
556,16
56,516
556,516
56,168
556,168
56,668
556,668
56,174
556,174
56,674
556,674
56,21
556,21
56,521
556,521
56,23
556,23
56,523
556,523
57,112
557,112
57,612
557,612
57,113
557,113
57,613
557,613
57,114
557,114
57,614
557,614
57,168
557,168
57,668
557,668
57,172
557,172
57,672
557,672
57,174
557,174
57,674
557,674
57,175
557,175
57,675
557,675
57,19
557,19
57,519
557,519
57,20
557,20
57,520
557,520
57,24
557,24
57,524
557,524
58,112
558,112
58,612
558,612
58,113
558,113
58,613
558,613
58,114
558,114
58,614
558,614
58,137
558,137
58,637
558,637
58,139
558,139
58,639
558,639
58,168
558,168
58,668
558,668
58,174
558,174
58,674
558,674
58,19
558,19
58,519
558,519
58,20
558,20
58,520
558,520
58,24
558,24
58,524
558,524
59,137
559,137
59,637
559,637
59,138
559,138
59,638
559,638
59,160
559,160
59,660
559,660
59,161
559,161
59,661
559,661
59,169
559,169
59,669
559,669
59,173
559,173
59,673
559,673
59,19
559,19
59,519
559,519
59,20
559,20
59,520
559,520
59,24
559,24
59,524
559,524
59,44
559,44
59,544
559,544
59,63
559,63
59,563
559,563
59,64
559,64
59,564
559,564
59,84
559,84
59,584
559,584
59,85
559,85
59,585
559,585
60,115
560,115
60,615
560,615
60,138
560,138
60,638
560,638
60,149
560,149
60,649
560,649
60,150
560,150
60,650
560,650
60,159
560,159
60,659
560,659
60,161
560,161
60,661
560,661
60,170
560,170
60,670
560,670
60,171
560,171
60,671
560,671
60,178
560,178
60,678
560,678
60,179
560,179
60,679
560,679
60,188
560,188
60,688
560,688
60,189
560,189
60,689
560,689
60,190
560,190
60,690
560,690
60,21
560,21
60,521
560,521
60,23
560,23
60,523
560,523
60,32
560,32
60,532
560,532
60,33
560,33
60,533
560,533
60,44
560,44
60,544
560,544
60,45
560,45
60,545
560,545
60,46
560,46
60,546
560,546
60,64
560,64
60,564
560,564
60,84
560,84
60,584
560,584
61,114
561,114
61,614
561,614
61,116
561,116
61,616
561,616
61,150
561,150
61,650
561,650
61,159
561,159
61,659
561,659
61,178
561,178
61,678
561,678
61,180
561,180
61,680
561,680
61,187
561,187
61,687
561,687
61,188
561,188
61,688
561,688
61,190
561,190
61,690
561,690
61,191
561,191
61,691
561,691
61,3
561,3
61,503
561,503
61,22
561,22
61,522
561,522
61,4
561,4
61,504
561,504
61,32
561,32
61,532
561,532
61,34
561,34
61,534
561,534
61,5
561,5
61,505
561,505
61,47
561,47
61,547
561,547
61,64
561,64
61,564
561,564
61,66
561,66
61,566
561,566
61,75
561,75
61,575
561,575
61,76
561,76
61,576
561,576
61,82
561,82
61,582
561,582
61,84
561,84
61,584
561,584
62,113
562,113
62,613
562,613
62,117
562,117
62,617
562,617
62,13
562,13
62,513
562,513
62,14
562,14
62,514
562,514
62,15
562,15
62,515
562,515
62,147
562,147
62,647
562,647
62,148
562,148
62,648
562,648
62,149
562,149
62,649
562,649
62,158
562,158
62,658
562,658
62,159
562,159
62,659
562,659
62,178
562,178
62,678
562,678
62,187
562,187
62,687
562,687
62,188
562,188
62,688
562,688
62,190
562,190
62,690
562,690
62,191
562,191
62,691
562,691
62,34
562,34
62,534
562,534
62,46
562,46
62,546
562,546
62,47
562,47
62,547
562,547
62,65
562,65
62,565
562,565
62,66
562,66
62,566
562,566
62,74
562,74
62,574
562,574
62,76
562,76
62,576
562,576
62,82
562,82
62,582
562,582
62,83
562,83
62,583
562,583
63,114
563,114
63,614
563,614
63,115
563,115
63,615
563,615
63,116
563,116
63,616
563,616
63,15
563,15
63,515
563,515
63,147
563,147
63,647
563,647
63,187
563,187
63,687
563,687
63,188
563,188
63,688
563,688
63,189
563,189
63,689
563,689
63,190
563,190
63,690
563,690
63,191
563,191
63,691
563,691
63,3
563,3
63,503
563,503
63,34
563,34
63,534
563,534
63,35
563,35
63,535
563,535
63,5
563,5
63,505
563,505
63,58
563,58
63,558
563,558
63,73
563,73
63,573
563,573
63,74
563,74
63,574
563,574
63,75
563,75
63,575
563,575
64,2
564,2
64,502
564,502
64,112
564,112
64,612
564,612
64,113
564,113
64,613
564,613
64,117
564,117
64,617
564,617
64,118
564,118
64,618
564,618
64,14
564,14
64,514
564,514
64,169
564,169
64,669
564,669
64,171
564,171
64,671
564,671
64,186
564,186
64,686
564,686
64,187
564,187
64,687
564,687
64,191
564,191
64,691
564,691
64,192
564,192
64,692
564,692
64,3
564,3
64,503
564,503
64,22
564,22
64,522
564,522
64,4
564,4
64,504
564,504
64,5
564,5
64,505
564,505
64,6
564,6
64,506
564,506
64,56
564,56
64,556
564,556
64,58
564,58
64,558
564,558
64,72
564,72
64,572
564,572
64,73
564,73
64,573
564,573
64,74
564,74
64,574
564,574
65,1
565,1
65,501
565,501
65,2
565,2
65,502
565,502
65,169
565,169
65,669
565,669
65,170
565,170
65,670
565,670
65,23
565,23
65,523
565,523
65,24
565,24
65,524
565,524
65,6
565,6
65,506
565,506
65,57
565,57
65,557
565,557
65,58
565,58
65,558
565,558
65,7
565,7
65,507
565,507
65,73
565,73
65,573
565,573
65,74
565,74
65,574
565,574
65,75
565,75
65,575
565,575
66,1
566,1
66,501
566,501
66,2
566,2
66,502
566,502
66,170
566,170
66,670
566,670
66,181
566,181
66,681
566,681
66,22
566,22
66,522
566,522
66,23
566,23
66,523
566,523
66,6
566,6
66,506
566,506
66,7
566,7
66,507
566,507
66,74
566,74
66,574
566,574
66,76
566,76
66,576
566,576
67,181
567,181
67,681
567,681
67,182
567,182
67,682
567,682
67,186
567,186
67,686
567,686
67,75
567,75
67,575
567,575
67,76
567,76
67,576
567,576
68,12
568,12
68,512
568,512
68,13
568,13
68,513
568,513
68,180
568,180
68,680
568,680
68,185
568,185
68,685
568,685
68,187
568,187
68,687
568,687
69,11
569,11
69,511
569,511
69,12
569,12
69,512
569,512
69,152
569,152
69,652
569,652
69,153
569,153
69,653
569,653
69,182
569,182
69,682
569,682
69,183
569,183
69,683
569,683
69,187
569,187
69,687
569,687
69,6
569,6
69,506
569,506
69,7
569,7
69,507
569,507
70,13
570,13
70,513
570,513
70,153
570,153
70,653
570,653
70,183
570,183
70,683
570,683
70,40
570,40
70,540
570,540
70,41
570,41
70,541
570,541
70,46
570,46
70,546
570,546
70,47
570,47
70,547
570,547
70,6
570,6
70,506
570,506
70,51
570,51
70,551
570,551
70,52
570,52
70,552
570,552
70,58
570,58
70,558
570,558
70,8
570,8
70,508
570,508
70,9
570,9
70,509
570,509
71,153
571,153
71,653
571,653
71,155
571,155
71,655
571,655
71,156
571,156
71,656
571,656
71,163
571,163
71,663
571,663
71,184
571,184
71,684
571,684
71,186
571,186
71,686
571,686
71,187
571,187
71,687
571,687
71,40
571,40
71,540
571,540
71,47
571,47
71,547
571,547
71,48
571,48
71,548
571,548
71,49
571,49
71,549
571,549
71,50
571,50
71,550
571,550
71,51
571,51
71,551
571,551
71,59
571,59
71,559
571,559
71,60
571,60
71,560
571,560
71,9
571,9
71,509
571,509
72,154
572,154
72,654
572,654
72,161
572,161
72,661
572,661
72,162
572,162
72,662
572,662
72,186
572,186
72,686
572,686
72,189
572,189
72,689
572,689
72,29
572,29
72,529
572,529
72,31
572,31
72,531
572,531
72,38
572,38
72,538
572,538
72,40
572,40
72,540
572,540
72,47
572,47
72,547
572,547
72,48
572,48
72,548
572,548
72,50
572,50
72,550
572,550
72,51
572,51
72,551
572,551
72,58
572,58
72,558
572,558
72,59
572,59
72,559
572,559
73,158
573,158
73,658
573,658
73,162
573,162
73,662
573,662
73,163
573,163
73,663
573,663
73,187
573,187
73,687
573,687
73,189
573,189
73,689
573,689
73,30
573,30
73,530
573,530
73,4
573,4
73,504
573,504
73,31
573,31
73,531
573,531
73,38
573,38
73,538
573,538
73,39
573,39
73,539
573,539
73,47
573,47
73,547
573,547
73,48
573,48
73,548
573,548
73,50
573,50
73,550
573,550
73,6
573,6
73,506
573,506
73,51
573,51
73,551
573,551
73,7
573,7
73,507
573,507
73,8
573,8
73,508
573,508
74,156
574,156
74,656
574,656
74,30
574,30
74,530
574,530
74,4
574,4
74,504
574,504
74,35
574,35
74,535
574,535
74,36
574,36
74,536
574,536
74,48
574,48
74,548
574,548
74,49
574,49
74,549
574,549
74,50
574,50
74,550
574,550
75,114
575,114
75,614
575,614
75,115
575,115
75,615
575,615
75,157
575,157
75,657
575,657
75,4
575,4
75,504
575,504
75,34
575,34
75,534
575,534
75,36
575,36
75,536
575,536
75,77
575,77
75,577
575,577
76,114
576,114
76,614
576,614
76,115
576,115
76,615
576,615
76,36
576,36
76,536
576,536
76,76
576,76
76,576
576,576
76,78
576,78
76,578
576,578
77,75
577,75
77,575
577,575
77,78
577,78
77,578
577,578
77,81
577,81
77,581
577,581
77,82
577,82
77,582
577,582
78,186
578,186
78,686
578,686
78,187
578,187
78,687
578,687
78,188
578,188
78,688
578,688
78,46
578,46
78,546
578,546
78,47
578,47
78,547
578,547
78,75
578,75
78,575
578,575
78,78
578,78
78,578
578,578
78,81
578,81
78,581
578,581
78,82
578,82
78,582
578,582
79,185
579,185
79,685
579,685
79,189
579,189
79,689
579,689
79,47
579,47
79,547
579,547
79,76
579,76
79,576
579,576
79,78
579,78
79,578
579,578
80,164
580,164
80,664
580,664
80,165
580,165
80,665
580,665
80,184
580,184
80,684
580,684
80,190
580,190
80,690
580,690
80,3
580,3
80,503
580,503
80,4
580,4
80,504
580,504
80,44
580,44
80,544
580,544
80,45
580,45
80,545
580,545
80,46
580,46
80,546
580,546
80,8
580,8
80,508
580,508
80,77
580,77
80,577
580,577
80,9
580,9
80,509
580,509
81,164
581,164
81,664
581,664
81,166
581,166
81,666
581,666
81,185
581,185
81,685
581,685
81,189
581,189
81,689
581,689
81,5
581,5
81,505
581,505
81,44
581,44
81,544
581,544
81,6
581,6
81,506
581,506
81,7
581,7
81,507
581,507
82,164
582,164
82,664
582,664
82,186
582,186
82,686
582,686
82,187
582,187
82,687
582,687
82,188
582,188
82,688
582,688
82,27
582,27
82,527
582,527
82,28
582,28
82,528
582,528
82,29
582,29
82,529
582,529
82,4
582,4
82,504
582,504
82,8
582,8
82,508
582,508
83,175
583,175
83,675
583,675
83,186
583,186
83,686
583,686
83,187
583,187
83,687
583,687
83,188
583,188
83,688
583,688
83,29
583,29
83,529
583,529
83,5
583,5
83,505
583,505
83,7
583,7
83,507
583,507
84,18
584,18
84,518
584,518
84,173
584,173
84,673
584,673
84,174
584,174
84,674
584,674
84,175
584,175
84,675
584,675
84,176
584,176
84,676
584,676
84,28
584,28
84,528
584,528
84,6
584,6
84,506
584,506
84,62
584,62
84,562
584,562
84,63
584,63
84,563
584,563
85,17
585,17
85,517
585,517
85,163
585,163
85,663
585,663
85,165
585,165
85,665
585,665
85,172
585,172
85,672
585,672
85,174
585,174
85,674
585,674
85,176
585,176
85,676
585,676
85,177
585,177
85,677
585,677
85,19
585,19
85,519
585,519
85,189
585,189
85,689
585,689
85,190
585,190
85,690
585,690
85,46
585,46
85,546
585,546
85,47
585,47
85,547
585,547
85,62
585,62
85,562
585,562
86,148
586,148
86,648
586,648
86,17
586,17
86,517
586,517
86,163
586,163
86,663
586,663
86,167
586,167
86,667
586,667
86,18
586,18
86,518
586,518
86,171
586,171
86,671
586,671
86,174
586,174
86,674
586,674
86,176
586,176
86,676
586,676
86,177
586,177
86,677
586,677
86,178
586,178
86,678
586,678
86,189
586,189
86,689
586,689
86,20
586,20
86,520
586,520
86,3
586,3
86,503
586,503
86,29
586,29
86,529
586,529
86,4
586,4
86,504
586,504
86,31
586,31
86,531
586,531
86,45
586,45
86,545
586,545
86,47
586,47
86,547
586,547
86,54
586,54
86,554
586,554
86,60
586,60
86,560
586,560
86,62
586,62
86,562
586,562
86,85
586,85
86,585
586,585
87,146
587,146
87,646
587,646
87,147
587,147
87,647
587,647
87,153
587,153
87,653
587,653
87,154
587,154
87,654
587,654
87,17
587,17
87,517
587,517
87,167
587,167
87,667
587,667
87,18
587,18
87,518
587,518
87,172
587,172
87,672
587,672
87,174
587,174
87,674
587,674
87,176
587,176
87,676
587,676
87,177
587,177
87,677
587,677
87,190
587,190
87,690
587,690
87,20
587,20
87,520
587,520
87,191
587,191
87,691
587,691
87,192
587,192
87,692
587,692
87,21
587,21
87,521
587,521
87,28
587,28
87,528
587,528
87,4
587,4
87,504
587,504
87,31
587,31
87,531
587,531
87,47
587,47
87,547
587,547
87,54
587,54
87,554
587,554
87,56
587,56
87,556
587,556
87,60
587,60
87,560
587,560
87,61
587,61
87,561
587,561
87,84
587,84
87,584
587,584
88,1
588,1
88,501
588,501
88,2
588,2
88,502
588,502
88,107
588,107
88,607
588,607
88,109
588,109
88,609
588,609
88,147
588,147
88,647
588,647
88,148
588,148
88,648
588,648
88,153
588,153
88,653
588,653
88,154
588,154
88,654
588,654
88,17
588,17
88,517
588,517
88,163
588,163
88,663
588,663
88,168
588,168
88,668
588,668
88,18
588,18
88,518
588,518
88,173
588,173
88,673
588,673
88,174
588,174
88,674
588,674
88,175
588,175
88,675
588,675
88,176
588,176
88,676
588,676
88,185
588,185
88,685
588,685
88,186
588,186
88,686
588,686
88,20
588,20
88,520
588,520
88,192
588,192
88,692
588,692
88,3
588,3
88,503
588,503
88,27
588,27
88,527
588,527
88,28
588,28
88,528
588,528
88,39
588,39
88,539
588,539
88,40
588,40
88,540
588,540
88,55
588,55
88,555
588,555
88,57
588,57
88,557
588,557
88,84
588,84
88,584
588,584
88,85
588,85
88,585
588,585
88,86
588,86
88,586
588,586
89,1
589,1
89,501
589,501
89,107
589,107
89,607
589,607
89,108
589,108
89,608
589,608
89,17
589,17
89,517
589,517
89,167
589,167
89,667
589,667
89,175
589,175
89,675
589,675
89,19
589,19
89,519
589,519
89,185
589,185
89,685
589,685
89,187
589,187
89,687
589,687
89,25
589,25
89,525
589,525
89,26
589,26
89,526
589,526
89,30
589,30
89,530
589,530
89,39
589,39
89,539
589,539
89,40
589,40
89,540
589,540
89,55
589,55
89,555
589,555
89,58
589,58
89,558
589,558
89,7
589,7
89,507
589,507
89,8
589,8
89,508
589,508
90,108
590,108
90,608
590,608
90,163
590,163
90,663
590,663
90,167
590,167
90,667
590,667
90,18
590,18
90,518
590,518
90,187
590,187
90,687
590,687
90,27
590,27
90,527
590,527
90,28
590,28
90,528
590,528
90,34
590,34
90,534
590,534
90,35
590,35
90,535
590,535
90,6
590,6
90,506
590,506
90,55
590,55
90,555
590,555
90,57
590,57
90,557
590,557
90,8
590,8
90,508
590,508
91,132
591,132
91,632
591,632
91,133
591,133
91,633
591,633
91,163
591,163
91,663
591,663
91,165
591,165
91,665
591,665
91,187
591,187
91,687
591,687
91,188
591,188
91,688
591,688
91,28
591,28
91,528
591,528
91,31
591,31
91,531
591,531
91,36
591,36
91,536
591,536
91,43
591,43
91,543
591,543
91,44
591,44
91,544
591,544
91,6
591,6
91,506
591,506
91,54
591,54
91,554
591,554
91,56
591,56
91,556
591,556
92,133
592,133
92,633
592,633
92,29
592,29
92,529
592,529
92,31
592,31
92,531
592,531
92,5
592,5
92,505
592,505
92,42
592,42
92,542
592,542
92,44
592,44
92,544
592,544
92,6
592,6
92,506
592,506
92,54
592,54
92,554
592,554
92,70
592,70
92,570
592,570
93,133
593,133
93,633
593,633
93,135
593,135
93,635
593,635
93,42
593,42
93,542
593,542
93,70
593,70
93,570
593,570
93,71
593,71
93,571
593,571
93,72
593,72
93,572
593,572
93,88
593,88
93,588
593,588
94,134
594,134
94,634
594,634
94,135
594,135
94,635
594,635
94,41
594,41
94,541
594,541
94,42
594,42
94,542
594,542
94,73
594,73
94,573
594,573
94,86
594,86
94,586
594,586
94,88
594,88
94,588
594,588
95,72
595,72
95,572
595,572
95,73
595,73
95,573
595,573
95,87
595,87
95,587
595,587
95,88
595,88
95,588
595,588
97,46
597,46
97,546
597,546
98,111
598,111
98,611
598,611
98,44
598,44
98,544
598,544
98,45
598,45
98,545
598,545
98,46
598,46
98,546
598,546
99,110
599,110
99,610
599,610
99,112
599,112
99,612
599,612
99,43
599,43
99,543
599,543
100,109
600,109
100,609
600,609
100,113
600,113
100,613
600,613
100,43
600,43
100,543
600,543
100,44
600,44
100,544
600,544
100,88
600,88
100,588
600,588
101,109
601,109
101,609
601,609
101,113
601,113
101,613
601,613
101,89
601,89
101,589
601,589
101,90
601,90
101,590
601,590
102,109
602,109
102,609
602,609
102,113
602,113
102,613
602,613
102,144
602,144
102,644
602,644
102,145
602,145
102,645
602,645
102,72
602,72
102,572
602,572
102,73
602,73
102,573
602,573
102,77
602,77
102,577
602,577
102,78
602,78
102,578
602,578
102,88
602,88
102,588
602,588
102,89
602,89
102,589
602,589
103,109
603,109
103,609
603,609
103,113
603,113
103,613
603,613
103,144
603,144
103,644
603,644
103,146
603,146
103,646
603,646
103,72
603,72
103,572
603,572
103,73
603,73
103,573
603,573
103,77
603,77
103,577
603,577
103,78
603,78
103,578
603,578
104,109
604,109
104,609
604,609
104,113
604,113
104,613
604,613
104,144
604,144
104,644
604,644
104,163
604,163
104,663
604,663
104,164
604,164
104,664
604,664
104,73
604,73
104,573
604,573
104,74
604,74
104,574
604,574
104,75
604,75
104,575
604,575
104,76
604,76
104,576
604,576
104,77
604,77
104,577
604,577
105,109
605,109
105,609
605,609
105,113
605,113
105,613
605,613
105,163
605,163
105,663
605,663
105,164
605,164
105,664
605,664
105,74
605,74
105,574
605,574
105,76
605,76
105,576
605,576
106,110
606,110
106,610
606,610
106,112
606,112
106,612
606,612
107,111
607,111
107,611
607,611
107,38
607,38
107,538
607,538
107,39
607,39
107,539
607,539
107,43
607,43
107,543
607,543
107,44
607,44
107,544
607,544
107,74
607,74
107,574
607,574
107,75
607,75
107,575
607,575
107,76
607,76
107,576
607,576
108,103
608,103
108,603
608,603
108,105
608,105
108,605
608,605
108,164
608,164
108,664
608,664
108,39
608,39
108,539
608,539
108,40
608,40
108,540
608,540
108,41
608,41
108,541
608,541
108,42
608,42
108,542
608,542
108,43
608,43
108,543
608,543
108,47
608,47
108,547
608,547
108,48
608,48
108,548
608,548
109,104
609,104
109,604
609,604
109,105
609,105
109,605
609,605
109,163
609,163
109,663
609,663
109,165
609,165
109,665
609,665
109,39
609,39
109,539
609,539
109,40
609,40
109,540
609,540
109,42
609,42
109,542
609,542
109,43
609,43
109,543
609,543
109,48
609,48
109,548
609,548
109,49
609,49
109,549
609,549
110,104
610,104
110,604
610,604
110,151
610,151
110,651
610,651
110,152
610,152
110,652
610,652
110,153
610,153
110,653
610,653
110,162
610,162
110,662
610,662
110,166
610,166
110,666
610,666
110,39
610,39
110,539
610,539
110,40
610,40
110,540
610,540
110,42
610,42
110,542
610,542
110,43
610,43
110,543
610,543
110,47
610,47
110,547
610,547
110,88
610,88
110,588
610,588
110,89
610,89
110,589
610,589
111,151
611,151
111,651
611,651
111,162
611,162
111,662
611,662
111,163
611,163
111,663
611,663
111,164
611,164
111,664
611,664
111,165
611,165
111,665
611,665
111,166
611,166
111,666
611,666
111,40
611,40
111,540
611,540
111,41
611,41
111,541
611,541
111,42
611,42
111,542
611,542
111,72
611,72
111,572
611,572
111,73
611,73
111,573
611,573
111,88
611,88
111,588
611,588
111,89
611,89
111,589
611,589
112,152
612,152
112,652
612,652
112,161
612,161
112,661
612,661
112,162
612,162
112,662
612,662
112,166
612,166
112,666
612,666
112,167
612,167
112,667
612,667
112,73
612,73
112,573
612,573
113,162
613,162
113,662
613,662
113,163
613,163
113,663
613,663
113,164
613,164
113,664
613,664
113,165
613,165
113,665
613,665
113,166
613,166
113,666
613,666
113,53
613,53
113,553
613,553
113,54
613,54
113,554
613,554
113,55
613,55
113,555
613,555
113,70
613,70
113,570
613,570
113,71
613,71
113,571
613,571
113,72
613,72
113,572
613,572
114,101
614,101
114,601
614,601
114,163
614,163
114,663
614,663
114,164
614,164
114,664
614,664
114,165
614,165
114,665
614,665
114,53
614,53
114,553
614,553
114,70
614,70
114,570
614,570
114,76
614,76
114,576
614,576
115,102
615,102
115,602
615,602
115,103
615,103
115,603
615,603
115,164
615,164
115,664
615,664
115,54
615,54
115,554
615,554
115,74
615,74
115,574
615,574
115,75
615,75
115,575
615,575
116,101
616,101
116,601
616,601
116,102
616,102
116,602
616,602
116,118
616,118
116,618
616,618
116,42
616,42
116,542
616,542
116,43
616,43
116,543
616,543
116,44
616,44
116,544
616,544
116,75
616,75
116,575
616,575
116,76
616,76
116,576
616,576
117,116
617,116
117,616
617,616
117,117
617,117
117,617
617,617
117,159
617,159
117,659
617,659
117,160
617,160
117,660
617,660
117,42
617,42
117,542
617,542
117,43
617,43
117,543
617,543
117,44
617,44
117,544
617,544
118,117
618,117
118,617
618,617
118,118
618,118
118,618
618,618
118,159
618,159
118,659
618,659
118,161
618,161
118,661
618,661
118,41
618,41
118,541
618,541
118,45
618,45
118,545
618,545
119,159
619,159
119,659
619,659
119,40
619,40
119,540
619,540
119,46
619,46
119,546
619,546
120,41
620,41
120,541
620,541
120,45
620,45
120,545
620,545
120,61
620,61
120,561
620,561
120,62
620,62
120,562
620,562
121,42
621,42
121,542
621,542
121,43
621,43
121,543
621,543
121,44
621,44
121,544
621,544
121,61
621,61
121,561
621,561
121,63
621,63
121,563
621,563
122,61
622,61
122,561
622,561
126,161
626,161
126,661
626,661
126,162
626,162
126,662
626,662
126,163
626,163
126,663
626,663
127,160
627,160
127,660
627,660
127,164
627,164
127,664
627,664
127,90
627,90
127,590
627,590
127,91
627,91
127,591
627,591
128,68
628,68
128,568
628,568
128,69
628,69
128,569
628,569
128,70
628,70
128,570
628,570
128,90
628,90
128,590
628,590
129,159
629,159
129,659
629,659
129,165
629,165
129,665
629,665
129,45
629,45
129,545
629,545
129,46
629,46
129,546
629,546
129,56
629,56
129,556
629,556
129,57
629,57
129,557
629,557
129,68
629,68
129,568
629,568
129,81
629,81
129,581
629,581
129,88
629,88
129,588
629,588
129,90
629,90
129,590
629,590
129,95
629,95
129,595
629,595
129,96
629,96
129,596
629,596
130,159
630,159
130,659
630,659
130,160
630,160
130,660
630,660
130,164
630,164
130,664
630,664
130,165
630,165
130,665
630,665
130,45
630,45
130,545
630,545
130,57
630,57
130,557
630,557
130,69
630,69
130,569
630,569
130,78
630,78
130,578
630,578
130,79
630,79
130,579
630,579
130,80
630,80
130,580
630,580
130,81
630,81
130,581
630,581
130,88
630,88
130,588
630,588
130,89
630,89
130,589
630,589
130,96
630,96
130,596
630,596
130,97
630,97
130,597
630,597
131,46
631,46
131,546
631,546
131,47
631,47
131,547
631,547
131,48
631,48
131,548
631,548
131,57
631,57
131,557
631,557
131,59
631,59
131,559
631,559
131,65
631,65
131,565
631,565
131,66
631,66
131,566
631,566
131,77
631,77
131,577
631,577
131,78
631,78
131,578
631,578
131,79
631,79
131,579
631,579
131,80
631,80
131,580
631,580
131,95
631,95
131,595
631,595
132,48
632,48
132,548
632,548
132,58
632,58
132,558
632,558
132,59
632,59
132,559
632,559
132,65
632,65
132,565
632,565
132,67
632,67
132,567
632,567
132,77
632,77
132,577
632,577
132,80
632,80
132,580
632,580
133,66
633,66
133,566
633,566
133,67
633,67
133,567
633,567
133,68
633,68
133,568
633,568
133,77
633,77
133,577
633,577
133,78
633,78
133,578
633,578
133,79
633,79
133,579
633,579
133,80
633,80
133,580
633,580
134,126
634,126
134,626
634,626
134,127
634,127
134,627
634,627
134,67
634,67
134,567
634,567
134,68
634,68
134,568
634,568
134,69
634,69
134,569
634,569
134,78
634,78
134,578
634,578
134,79
634,79
134,579
634,579
134,80
634,80
134,580
634,580
134,81
634,81
134,581
634,581
135,126
635,126
135,626
635,626
135,127
635,127
135,627
635,627
135,66
635,66
135,566
635,566
135,67
635,67
135,567
635,567
135,68
635,68
135,568
635,568
135,81
635,81
135,581
635,581
136,109
636,109
136,609
636,609
136,110
636,110
136,610
636,610
136,65
636,65
136,565
636,565
136,67
636,67
136,567
636,567
137,110
637,110
137,610
637,610
137,111
637,111
137,611
637,611
137,65
637,65
137,565
637,565
137,66
637,66
137,566
637,566
137,96
637,96
137,596
637,596
138,109
638,109
138,609
638,609
138,114
638,114
138,614
638,614
138,115
638,115
138,615
638,615
138,162
638,162
138,662
638,662
138,163
638,163
138,663
638,663
138,96
638,96
138,596
638,596
138,97
638,97
138,597
638,597
138,98
638,98
138,598
638,598
139,114
639,114
139,614
639,614
139,115
639,115
139,615
639,615
139,162
639,162
139,662
639,662
139,163
639,163
139,663
639,663
139,99
639,99
139,599
639,599
140,98
640,98
140,598
640,598
140,99
640,99
140,599
640,599
143,89
643,89
143,589
643,589
144,87
644,87
144,587
644,587
144,88
644,88
144,588
644,588
144,89
644,89
144,589
644,589
145,114
645,114
145,614
645,614
145,115
645,115
145,615
645,615
145,116
645,116
145,616
645,616
145,86
645,86
145,586
645,586
146,104
646,104
146,604
646,604
146,105
646,105
146,605
646,605
146,106
646,106
146,606
646,606
146,86
646,86
146,586
646,586
146,87
646,87
146,587
646,587
147,104
647,104
147,604
647,604
147,114
647,114
147,614
647,614
147,116
647,116
147,616
647,616
148,105
648,105
148,605
648,605
148,113
648,113
148,613
648,613
148,114
648,114
148,614
648,614
148,115
648,115
148,615
648,615
148,116
648,116
148,616
648,616
148,117
648,117
148,617
648,617
148,84
648,84
148,584
648,584
149,112
649,112
149,612
649,612
149,113
649,113
149,613
649,613
149,117
649,117
149,617
649,617
149,118
649,118
149,618
649,618
149,83
649,83
149,583
649,583
149,84
649,84
149,584
649,584
149,85
649,85
149,585
649,585
150,112
650,112
150,612
650,612
150,113
650,113
150,613
650,613
150,117
650,117
150,617
650,617
150,118
650,118
150,618
650,618
150,82
650,82
150,582
650,582
150,86
650,86
150,586
650,586
151,81
651,81
151,581
651,581
151,83
651,83
151,583
651,583
151,84
651,84
151,584
651,584
151,85
651,85
151,585
651,585
151,87
651,87
151,587
651,587
151,94
651,94
151,594
651,594
151,95
651,95
151,595
651,595
152,82
652,82
152,582
652,582
152,83
652,83
152,583
652,583
152,84
652,84
152,584
652,584
152,85
652,85
152,585
652,585
152,86
652,86
152,586
652,586
152,95
652,95
152,595
652,595
152,96
652,96
152,596
652,596
153,112
653,112
153,612
653,612
153,113
653,113
153,613
653,613
153,94
653,94
153,594
653,594
154,110
654,110
154,610
654,610
154,111
654,111
154,611
654,611
154,113
654,113
154,613
654,613
155,110
655,110
155,610
655,610
157,111
657,111
157,611
657,611
157,112
657,112
157,612
657,612
157,113
657,113
157,613
657,613
157,115
657,115
157,615
657,615
158,115
658,115
158,615
658,615
158,87
658,87
158,587
658,587
159,115
659,115
159,615
659,615
159,65
659,65
159,565
659,565
159,66
659,66
159,566
659,566
159,87
659,87
159,587
659,587
159,88
659,88
159,588
659,588
160,66
660,66
160,566
660,566
160,67
660,67
160,567
660,567
160,86
660,86
160,586
660,586
160,88
660,88
160,588
660,588
161,65
661,65
161,565
661,565
161,98
661,98
161,598
661,598
161,100
661,100
161,600
661,600
162,81
662,81
162,581
662,581
162,82
662,82
162,582
662,582
162,98
662,98
162,598
662,598
162,99
662,99
162,599
662,599
163,82
663,82
163,582
663,582
163,99
663,99
163,599
663,599
164,110
664,110
164,610
664,610
164,111
664,111
164,611
664,611
164,115
664,115
164,615
664,615
164,116
664,116
164,616
664,616
164,79
664,79
164,579
664,579
164,80
664,80
164,580
664,580
164,81
664,81
164,581
664,581
165,112
665,112
165,612
665,612
165,113
665,113
165,613
665,613
165,114
665,114
165,614
665,614
165,79
665,79
165,579
665,579
166,111
666,111
166,611
666,611
166,115
666,115
166,615
666,615
167,112
667,112
167,612
667,612
167,114
667,114
167,614
667,614
167,92
667,92
167,592
667,592
167,93
667,93
167,593
667,593
168,113
668,113
168,613
668,613
168,92
668,92
168,592
668,592
168,94
668,94
168,594
668,594
169,104
669,104
169,604
669,604
169,80
669,80
169,580
669,580
169,81
669,81
169,581
669,581
169,92
669,92
169,592
669,592
170,102
670,102
170,602
670,602
170,104
670,104
170,604
670,604
170,115
670,115
170,615
670,615
170,116
670,116
170,616
670,616
170,81
670,81
170,581
670,581
171,101
671,101
171,601
671,601
171,115
671,115
171,615
671,615
171,81
671,81
171,581
671,581
171,83
671,83
171,583
671,583
171,89
671,89
171,589
671,589
171,90
671,90
171,590
671,590
171,100
671,100
171,600
671,600
172,101
672,101
172,601
672,601
172,116
672,116
172,616
672,616
172,117
672,117
172,617
672,617
172,118
672,118
172,618
672,618
172,82
672,82
172,582
672,582
172,83
672,83
172,583
672,583
172,89
672,89
172,589
672,589
172,90
672,90
172,590
672,590
172,100
672,100
172,600
672,600
173,101
673,101
173,601
673,601
173,118
673,118
173,618
673,618
173,92
673,92
173,592
673,592
173,93
673,93
173,593
673,593
173,100
673,100
173,600
673,600
174,102
674,102
174,602
674,602
174,104
674,104
174,604
674,604
174,112
674,112
174,612
674,612
174,113
674,113
174,613
674,613
174,92
674,92
174,592
674,592
174,93
674,93
174,593
674,593
174,94
674,94
174,594
674,594
175,104
675,104
175,604
675,604
175,112
675,112
175,612
675,612
175,114
675,114
175,614
675,614
175,92
675,92
175,592
675,592
175,93
675,93
175,593
675,593
176,114
676,114
176,614
676,614
176,32
676,32
176,532
676,532
176,5
676,5
176,505
676,505
176,6
676,6
176,506
676,506
176,89
676,89
176,589
676,589
176,90
676,90
176,590
676,590
177,114
677,114
177,614
677,614
177,115
677,115
177,615
677,615
177,31
677,31
177,531
677,531
177,32
677,32
177,532
677,532
177,33
677,33
177,533
677,533
177,34
677,34
177,534
677,534
177,6
677,6
177,506
677,506
177,89
677,89
177,589
677,589
177,90
677,90
177,590
677,590
178,14
678,14
178,514
678,514
178,15
678,15
178,515
678,515
178,30
678,30
178,530
678,530
178,31
678,31
178,531
678,531
178,33
678,33
178,533
678,533
178,35
678,35
178,535
678,535
178,6
678,6
178,506
678,506
178,8
678,8
178,508
678,508
179,1
679,1
179,501
679,501
179,14
679,14
179,514
679,514
179,17
679,17
179,517
679,517
179,29
679,29
179,529
679,529
179,30
679,30
179,530
679,530
179,31
679,31
179,531
679,531
179,33
679,33
179,533
679,533
179,36
679,36
179,536
679,536
179,39
679,39
179,539
679,539
179,40
679,40
179,540
679,540
179,7
679,7
179,507
679,507
179,8
679,8
179,508
679,508
180,1
680,1
180,501
680,501
180,2
680,2
180,502
680,502
180,18
680,18
180,518
680,518
180,3
680,3
180,503
680,503
180,30
680,30
180,530
680,530
180,31
680,31
180,531
680,531
180,33
680,33
180,533
680,533
180,35
680,35
180,535
680,535
180,39
680,39
180,539
680,539
180,40
680,40
180,540
680,540
181,18
681,18
181,518
681,518
181,4
681,4
181,504
681,504
181,31
681,31
181,531
681,531
181,32
681,32
181,532
681,532
181,33
681,33
181,533
681,533
181,34
681,34
181,534
681,534
182,18
682,18
182,518
682,518
182,3
682,3
182,503
682,503
182,26
682,26
182,526
682,526
182,4
682,4
182,504
682,504
182,32
682,32
182,532
682,532
183,14
683,14
183,514
683,514
183,17
683,17
183,517
683,517
183,27
683,27
183,527
683,527
184,14
684,14
184,514
684,514
184,15
684,15
184,515
684,515
184,25
684,25
184,525
684,525
184,26
684,26
184,526
684,526
184,27
684,27
184,527
684,527
187,6
687,6
187,506
687,506
188,5
688,5
188,505
688,505
188,6
688,6
188,506
688,506
188,7
688,7
188,507
688,507
189,21
689,21
189,521
689,521
189,23
689,23
189,523
689,523
189,4
689,4
189,504
689,504
189,35
689,35
189,535
689,535
189,36
689,36
189,536
689,536
189,5
689,5
189,505
689,505
189,6
689,6
189,506
689,506
189,7
689,7
189,507
689,507
189,8
689,8
189,508
689,508
190,3
690,3
190,503
690,503
190,21
690,21
190,521
690,521
190,22
690,22
190,522
690,522
190,36
690,36
190,536
690,536
190,37
690,37
190,537
690,537
190,5
690,5
190,505
690,505
190,7
690,7
190,507
690,507
190,9
690,9
190,509
690,509
191,3
691,3
191,503
691,503
191,22
691,22
191,522
691,522
191,4
691,4
191,504
691,504
191,35
691,35
191,535
691,535
191,8
691,8
191,508
691,508
191,9
691,9
191,509
691,509
193,78
693,78
193,578
693,578
193,79
693,79
193,579
693,579
194,6
694,6
194,506
694,506
194,78
694,78
194,578
694,578
194,80
694,80
194,580
694,580
195,38
695,38
195,538
695,538
195,39
695,39
195,539
695,539
195,5
695,5
195,505
695,505
195,7
695,7
195,507
695,507
195,78
695,78
195,578
695,578
196,4
696,4
196,504
696,504
196,38
696,38
196,538
696,538
196,40
696,40
196,540
696,540
196,5
696,5
196,505
696,505
196,7
696,7
196,507
696,507
197,4
697,4
197,504
697,504
197,40
697,40
197,540
697,540
197,5
697,5
197,505
697,505
197,6
697,6
197,506
697,506
198,3
698,3
198,503
698,503
198,40
698,40
198,540
698,540
198,41
698,41
198,541
698,541
198,6
698,6
198,506
698,506
199,3
699,3
199,503
699,503
199,4
699,4
199,504
699,504
199,5
699,5
199,505
699,505
200,2
700,2
200,502
700,502
200,6
700,6
200,506
700,506
201,1
701,1
201,501
701,501
201,7
701,7
201,507
701,507
202,2
702,2
202,502
702,502
202,12
702,12
202,512
702,512
202,6
702,6
202,506
702,506
203,13
703,13
203,513
703,513
203,3
703,3
203,503
703,503
203,4
703,4
203,504
703,504
203,5
703,5
203,505
703,505
204,11
704,11
204,511
704,511
204,12
704,12
204,512
704,512
204,13
704,13
204,513
704,513
204,20
704,20
204,520
704,520
204,21
704,21
204,521
704,521
205,21
705,21
205,521
705,521
205,22
705,22
205,522
705,522
205,34
705,34
205,534
705,534
205,35
705,35
205,535
705,535
206,20
706,20
206,520
706,520
206,34
706,34
206,534
706,534
207,25
707,25
207,525
707,525
207,26
707,26
207,526
707,526
207,32
707,32
207,532
707,532
207,34
707,34
207,534
707,534
208,25
708,25
208,525
708,525
208,26
708,26
208,526
708,526
208,32
708,32
208,532
708,532
208,33
708,33
208,533
708,533
209,22
709,22
209,522
709,522
209,23
709,23
209,523
709,523
210,21
710,21
210,521
710,521
210,22
710,22
210,522
710,522
210,23
710,23
210,523
710,523
211,22
711,22
211,522
711,522
211,23
711,23
211,523
711,523
212,15
712,15
212,515
712,515
212,16
712,16
212,516
712,516
212,25
712,25
212,525
712,525
212,26
712,26
212,526
712,526
213,124
713,124
213,624
713,624
213,125
713,125
213,625
713,625
213,14
713,14
213,514
713,514
213,16
713,16
213,516
713,516
213,25
713,25
213,525
713,525
213,26
713,26
213,526
713,526
213,4
713,4
213,504
713,504
213,5
713,5
213,505
713,505
214,122
714,122
214,622
714,622
214,126
714,126
214,626
714,626
214,14
714,14
214,514
714,514
214,4
714,4
214,504
714,504
214,5
714,5
214,505
714,505
215,13
715,13
215,513
715,513
215,121
715,121
215,621
715,621
215,127
715,127
215,627
715,627
215,14
715,14
215,514
715,514
215,141
715,141
215,641
715,641
215,142
715,142
215,642
715,642
216,116
716,116
216,616
716,616
216,117
716,117
216,617
716,617
216,120
716,120
216,620
716,620
216,121
716,121
216,621
716,621
216,123
716,123
216,623
716,623
216,127
716,127
216,627
716,627
216,141
716,141
216,641
716,641
216,142
716,142
216,642
716,642
217,116
717,116
217,616
717,616
217,117
717,117
217,617
717,617
217,121
717,121
217,621
717,621
217,127
717,127
217,627
717,627
217,138
717,138
217,638
717,638
217,139
717,139
217,639
717,639
217,150
717,150
217,650
717,650
217,151
717,151
217,651
717,651
218,122
718,122
218,622
718,622
218,126
718,126
218,626
718,626
218,137
718,137
218,637
718,637
218,138
718,138
218,638
718,638
218,139
718,139
218,639
718,639
218,150
718,150
218,650
718,650
218,151
718,151
218,651
718,651
219,124
719,124
219,624
719,624
219,125
719,125
219,625
719,625
219,138
719,138
219,638
719,638
219,139
719,139
219,639
719,639
220,129
720,129
220,629
720,629
220,131
720,131
220,631
720,631
220,141
720,141
220,641
720,641
220,142
720,142
220,642
720,642
221,129
721,129
221,629
721,629
221,130
721,130
221,630
721,630
221,141
721,141
221,641
721,641
221,142
721,142
221,642
721,642
222,130
722,130
222,630
722,630
237,112
737,112
237,612
737,612
237,113
737,113
237,613
737,613
238,111
738,111
238,611
738,611
238,113
738,113
238,613
738,613
239,111
739,111
239,611
739,611
240,110
740,110
240,610
740,610
240,111
740,111
240,611
740,611
